0.000000e+00
-4.921875e-01 -4.765625e-01 -4.609375e-01 -4.453125e-01 -4.296875e-01 -4.140625e-01 -3.984375e-01 -3.828125e-01 -3.671875e-01 -3.515625e-01 -3.359375e-01 -3.203125e-01 -3.046875e-01 -2.890625e-01 -2.734375e-01 -2.578125e-01 -2.421875e-01 -2.265625e-01 -2.109375e-01 -1.953125e-01 -1.796875e-01 -1.640625e-01 -1.484375e-01 -1.328125e-01 -1.171875e-01 -1.015625e-01 -8.593750e-02 -7.031250e-02 -5.468750e-02 -3.906250e-02 -2.343750e-02 -7.812500e-03 7.812500e-03 2.343750e-02 3.906250e-02 5.468750e-02 7.031250e-02 8.593750e-02 1.015625e-01 1.171875e-01 1.328125e-01 1.484375e-01 1.640625e-01 1.796875e-01 1.953125e-01 2.109375e-01 2.265625e-01 2.421875e-01 2.578125e-01 2.734375e-01 2.890625e-01 3.046875e-01 3.203125e-01 3.359375e-01 3.515625e-01 3.671875e-01 3.828125e-01 3.984375e-01 4.140625e-01 4.296875e-01 4.453125e-01 4.609375e-01 4.765625e-01 4.921875e-01 
0.000000e+00 
0.000000e+00 
1.000000e+00 0.000000e+00 0.000000e+00 0.000000e+00 1.000000e+00 7.500000e-01 1.000000e+00 0.000000e+00
1.000000e+00 0.000000e+00 0.000000e+00 0.000000e+00 1.000000e+00 7.500000e-01 1.000000e+00 0.000000e+00
1.000000e+00 0.000000e+00 0.000000e+00 0.000000e+00 1.000000e+00 7.500000e-01 1.000000e+00 0.000000e+00
1.000000e+00 0.000000e+00 0.000000e+00 0.000000e+00 1.000000e+00 7.500000e-01 1.000000e+00 0.000000e+00
1.000000e+00 0.000000e+00 0.000000e+00 0.000000e+00 1.000000e+00 7.500000e-01 1.000000e+00 0.000000e+00
1.000000e+00 0.000000e+00 0.000000e+00 0.000000e+00 1.000000e+00 7.500000e-01 1.000000e+00 0.000000e+00
1.000000e+00 0.000000e+00 0.000000e+00 0.000000e+00 1.000000e+00 7.500000e-01 1.000000e+00 0.000000e+00
1.000000e+00 0.000000e+00 0.000000e+00 0.000000e+00 1.000000e+00 7.500000e-01 1.000000e+00 0.000000e+00
1.000000e+00 0.000000e+00 0.000000e+00 0.000000e+00 1.000000e+00 7.500000e-01 1.000000e+00 0.000000e+00
1.000000e+00 0.000000e+00 0.000000e+00 0.000000e+00 1.000000e+00 7.500000e-01 1.000000e+00 0.000000e+00
1.000000e+00 0.000000e+00 0.000000e+00 0.000000e+00 1.000000e+00 7.500000e-01 1.000000e+00 0.000000e+00
1.000000e+00 0.000000e+00 0.000000e+00 0.000000e+00 1.000000e+00 7.500000e-01 1.000000e+00 0.000000e+00
1.000000e+00 0.000000e+00 0.000000e+00 0.000000e+00 1.000000e+00 7.500000e-01 1.000000e+00 0.000000e+00
1.000000e+00 0.000000e+00 0.000000e+00 0.000000e+00 1.000000e+00 7.500000e-01 1.000000e+00 0.000000e+00
1.000000e+00 0.000000e+00 0.000000e+00 0.000000e+00 1.000000e+00 7.500000e-01 1.000000e+00 0.000000e+00
1.000000e+00 0.000000e+00 0.000000e+00 0.000000e+00 1.000000e+00 7.500000e-01 1.000000e+00 0.000000e+00
1.000000e+00 0.000000e+00 0.000000e+00 0.000000e+00 1.000000e+00 7.500000e-01 1.000000e+00 0.000000e+00
1.000000e+00 0.000000e+00 0.000000e+00 0.000000e+00 1.000000e+00 7.500000e-01 1.000000e+00 0.000000e+00
1.000000e+00 0.000000e+00 0.000000e+00 0.000000e+00 1.000000e+00 7.500000e-01 1.000000e+00 0.000000e+00
1.000000e+00 0.000000e+00 0.000000e+00 0.000000e+00 1.000000e+00 7.500000e-01 1.000000e+00 0.000000e+00
1.000000e+00 0.000000e+00 0.000000e+00 0.000000e+00 1.000000e+00 7.500000e-01 1.000000e+00 0.000000e+00
1.000000e+00 0.000000e+00 0.000000e+00 0.000000e+00 1.000000e+00 7.500000e-01 1.000000e+00 0.000000e+00
1.000000e+00 0.000000e+00 0.000000e+00 0.000000e+00 1.000000e+00 7.500000e-01 1.000000e+00 0.000000e+00
1.000000e+00 0.000000e+00 0.000000e+00 0.000000e+00 1.000000e+00 7.500000e-01 1.000000e+00 0.000000e+00
1.000000e+00 0.000000e+00 0.000000e+00 0.000000e+00 1.000000e+00 7.500000e-01 1.000000e+00 0.000000e+00
1.000000e+00 0.000000e+00 0.000000e+00 0.000000e+00 1.000000e+00 7.500000e-01 1.000000e+00 0.000000e+00
1.000000e+00 0.000000e+00 0.000000e+00 0.000000e+00 1.000000e+00 7.500000e-01 1.000000e+00 0.000000e+00
1.000000e+00 0.000000e+00 0.000000e+00 0.000000e+00 1.000000e+00 7.500000e-01 1.000000e+00 0.000000e+00
1.000000e+00 0.000000e+00 0.000000e+00 0.000000e+00 1.000000e+00 7.500000e-01 1.000000e+00 0.000000e+00
1.000000e+00 0.000000e+00 0.000000e+00 0.000000e+00 1.000000e+00 7.500000e-01 1.000000e+00 0.000000e+00
1.000000e+00 0.000000e+00 0.000000e+00 0.000000e+00 1.000000e+00 7.500000e-01 1.000000e+00 0.000000e+00
1.000000e+00 0.000000e+00 0.000000e+00 0.000000e+00 1.000000e+00 7.500000e-01 1.000000e+00 0.000000e+00
1.250000e-01 0.000000e+00 0.000000e+00 0.000000e+00 1.000000e-01 7.500000e-01 -1.000000e+00 0.000000e+00
1.250000e-01 0.000000e+00 0.000000e+00 0.000000e+00 1.000000e-01 7.500000e-01 -1.000000e+00 0.000000e+00
1.250000e-01 0.000000e+00 0.000000e+00 0.000000e+00 1.000000e-01 7.500000e-01 -1.000000e+00 0.000000e+00
1.250000e-01 0.000000e+00 0.000000e+00 0.000000e+00 1.000000e-01 7.500000e-01 -1.000000e+00 0.000000e+00
1.250000e-01 0.000000e+00 0.000000e+00 0.000000e+00 1.000000e-01 7.500000e-01 -1.000000e+00 0.000000e+00
1.250000e-01 0.000000e+00 0.000000e+00 0.000000e+00 1.000000e-01 7.500000e-01 -1.000000e+00 0.000000e+00
1.250000e-01 0.000000e+00 0.000000e+00 0.000000e+00 1.000000e-01 7.500000e-01 -1.000000e+00 0.000000e+00
1.250000e-01 0.000000e+00 0.000000e+00 0.000000e+00 1.000000e-01 7.500000e-01 -1.000000e+00 0.000000e+00
1.250000e-01 0.000000e+00 0.000000e+00 0.000000e+00 1.000000e-01 7.500000e-01 -1.000000e+00 0.000000e+00
1.250000e-01 0.000000e+00 0.000000e+00 0.000000e+00 1.000000e-01 7.500000e-01 -1.000000e+00 0.000000e+00
1.250000e-01 0.000000e+00 0.000000e+00 0.000000e+00 1.000000e-01 7.500000e-01 -1.000000e+00 0.000000e+00
1.250000e-01 0.000000e+00 0.000000e+00 0.000000e+00 1.000000e-01 7.500000e-01 -1.000000e+00 0.000000e+00
1.250000e-01 0.000000e+00 0.000000e+00 0.000000e+00 1.000000e-01 7.500000e-01 -1.000000e+00 0.000000e+00
1.250000e-01 0.000000e+00 0.000000e+00 0.000000e+00 1.000000e-01 7.500000e-01 -1.000000e+00 0.000000e+00
1.250000e-01 0.000000e+00 0.000000e+00 0.000000e+00 1.000000e-01 7.500000e-01 -1.000000e+00 0.000000e+00
1.250000e-01 0.000000e+00 0.000000e+00 0.000000e+00 1.000000e-01 7.500000e-01 -1.000000e+00 0.000000e+00
1.250000e-01 0.000000e+00 0.000000e+00 0.000000e+00 1.000000e-01 7.500000e-01 -1.000000e+00 0.000000e+00
1.250000e-01 0.000000e+00 0.000000e+00 0.000000e+00 1.000000e-01 7.500000e-01 -1.000000e+00 0.000000e+00
1.250000e-01 0.000000e+00 0.000000e+00 0.000000e+00 1.000000e-01 7.500000e-01 -1.000000e+00 0.000000e+00
1.250000e-01 0.000000e+00 0.000000e+00 0.000000e+00 1.000000e-01 7.500000e-01 -1.000000e+00 0.000000e+00
1.250000e-01 0.000000e+00 0.000000e+00 0.000000e+00 1.000000e-01 7.500000e-01 -1.000000e+00 0.000000e+00
1.250000e-01 0.000000e+00 0.000000e+00 0.000000e+00 1.000000e-01 7.500000e-01 -1.000000e+00 0.000000e+00
1.250000e-01 0.000000e+00 0.000000e+00 0.000000e+00 1.000000e-01 7.500000e-01 -1.000000e+00 0.000000e+00
1.250000e-01 0.000000e+00 0.000000e+00 0.000000e+00 1.000000e-01 7.500000e-01 -1.000000e+00 0.000000e+00
1.250000e-01 0.000000e+00 0.000000e+00 0.000000e+00 1.000000e-01 7.500000e-01 -1.000000e+00 0.000000e+00
1.250000e-01 0.000000e+00 0.000000e+00 0.000000e+00 1.000000e-01 7.500000e-01 -1.000000e+00 0.000000e+00
1.250000e-01 0.000000e+00 0.000000e+00 0.000000e+00 1.000000e-01 7.500000e-01 -1.000000e+00 0.000000e+00
1.250000e-01 0.000000e+00 0.000000e+00 0.000000e+00 1.000000e-01 7.500000e-01 -1.000000e+00 0.000000e+00
1.250000e-01 0.000000e+00 0.000000e+00 0.000000e+00 1.000000e-01 7.500000e-01 -1.000000e+00 0.000000e+00
1.250000e-01 0.000000e+00 0.000000e+00 0.000000e+00 1.000000e-01 7.500000e-01 -1.000000e+00 0.000000e+00
1.250000e-01 0.000000e+00 0.000000e+00 0.000000e+00 1.000000e-01 7.500000e-01 -1.000000e+00 0.000000e+00
1.250000e-01 0.000000e+00 0.000000e+00 0.000000e+00 1.000000e-01 7.500000e-01 -1.000000e+00 0.000000e+00
